Depth(ft)	GR (API)
7704.5	97.52
7705	96.1994872
7705.5	94.8789744
7706	91.819011
7706.5	87.862967
7707	84.346
7707.5	79.5934783
7708	85.49
7708.5	89.9191111
7709	99.086087
7709.5	104.491111
7710	108.874444
7710.5	115.252174
7711	112.833778
7711.5	105
7712	100.09913
7712.5	98.6884783
7713	95.4266667
7713.5	92.4853333
7714	87.8154348
7714.5	81.9
7715	76.3702222
7715.5	68.8828261
7716	63.3738889
7716.5	59.1794444
7717	51.8072527
7717.5	44.2422222
7718	38.5443478
7718.5	35.3503333
7719	38.967
7719.5	44.01
7720	49.98
7720.5	59.9497778
7721	67.9093478
7721.5	85.3042222
7722	95.8
7722.5	109.568352
7723	106.551868
7723.5	103.098222
7724	98.8117778
7724.5	94.8630435
7725	91.5666667
7725.5	88.9
7726	89.8342857
7726.5	91.9057143
7727	89.7264835
7727.5	87.2046667
7728	84.6358824
7728.5	83.7535294
7729	82.8711765
7729.5	83.4657143
7730	85.5371429
7730.5	87.23
7731	88.7447059
7731.5	90.2594118
7732	85.8977206
7732.5	86.5263971
7733	87.1550735
7733.5	87.5064835
7734	87.3196703
7734.5	87.6214286
7735	88.3741758
7735.5	86.9977778
7736	88.6542857
7736.5	91.2971429
7737	96.7617778
7737.5	100.747033
7738	97.7305495
7738.5	93.0861538
7739	85.5476923
7739.5	72
7740	59.6114286
7740.5	50.7542857
7741	50.0885294
7741.5	51.2208824
7742	53.1544444
7742.5	61.1491209
7743	64.5447253
7743.5	65.5037363
7744	62.4872527
7744.5	58.8111111
7745	54.6166667
7745.5	49.8893407
7746	44.9937363
7746.5	35.8253676
7747	38.09375
7747.5	40.3621324
7748	43.55
7748.5	47.7302198
7749	50.1807692
7749.5	60.4964444
7750	69.2068132
7750.5	74.4815385
7751	69.4866667
7751.5	62.9147253
7752	57.8268132
7752.5	55.0901099
7753	59.7989011
7753.5	72.2973333
7754	90.2426087
7754.5	101.633333
7755	107.889231
7755.5	112.416703
7756	133.082667
7756.5	142.403077
7757	149.36
7757.5	145.36
7758	139.039565
7758.5	129.166444
7759	121.806044
7759.5	115.965385
7760	105.274
7760.5	75.1937778
7761	62.19
7761.5	54.8543382
7762	56.9977206
7762.5	59.1411029
7763	67.9791304
7763.5	90.9217778
7764	110.985333
7764.5	122.683043
7765	122.34
7765.5	118.34
7766	116.86044
7766.5	113.184
7767	94.8814286
7767.5	86.0242857
7768	84.3677778
7768.5	92.2986957
7769	100.642889
7769.5	109.394444
7770	113.563043
7770.5	106.440667
7771	98.4068889
7771.5	81.4753846
7772	86.9424176
7772.5	95.7835556
7773	106.988
7773.5	113.831739
7774	116.266667
7774.5	114.361111
7775	123.232174
7775.5	137.692889
7776	134.296154
7776.5	130.246444
7777	124.724222
7777.5	115.821304
7778	108.643333
7778.5	111.31
7779	106.544783
7779.5	93.064
7780	86.6074725
7780.5	82.08
7781	78.8767033
7781.5	76.6589706
7782	78.9310294
7782.5	81.2030882
7783	85.9362222
7783.5	91.5053846
7784	95.4614286
7784.5	94.3768889
7785	91.5213333
7785.5	85.5034066
7786	80.6174725
7786.5	85.5130769
7787	91.4566667
7787.5	99.5801099
7788	107.305385
7788.5	103.226703
7789	90.6003297
7789.5	78.8806667
7790	78.0388235
7790.5	78.9211765
7791	80.268
7791.5	84.1747826
7792	85.1635556
7792.5	81.9246667
7793	77.6271429
7793.5	72.3524176
7794	70.0390608
7794.5	68.9948619
7795	67.950663
7795.5	67.4124176
7796	72.6926374
7796.5	77.6771429
7797	81.82
7797.5	83.3953846
7798	81.7030769
7798.5	85.7857778
7799	84.1182418
7799.5	78.838022
7800	77.0625735
7800.5	75.6765441
7801	74.7444853
7801.5	75.8805147
7802	77.0165441
7802.5	79.907
7803	84.857
7803.5	84.9718978
7804	82.5959854
7804.5	80.220073
7805	82.5802941
7805.5	85.3523529
7806	89.0188889
7806.5	94.3547059
7807	95.2370588
7807.5	96.1194118
7808	98.9195556
7808.5	101.926374
7809	104.376923
7809.5	102.291209
7810	100.113333
7810.5	110.867692
7811	105.77978
7811.5	101.160889
7812	97.5386667
7812.5	96.9083212
7813	99.039708
7813.5	101.171095
7814	108.478
7814.5	126.963778
7815	125.884615
7815.5	121.082222
7816	102.81
7816.5	95.4638462
7817	92.2364706
7817.5	94.2511765
7818	96.2658824
7818.5	101.222
7819	106.295217
7819.5	112.96
7820	116.447033
7820.5	113.617363
7821	108.554783
7821.5	98.62
7822	90.2311111
7822.5	81.58
7823	72.7228571
7823.5	60.5533333
7824	50.8965217
7824.5	48.6748529
7825	47.0388235
7825.5	46.6055556
7826	50.9833333
7826.5	55.1013043
7827	59.968
7827.5	74.4715556
7828	91.2008696
7828.5	92.4577778
7829	91.0565934
7829.5	90.0379121
7830	91.7357143
7830.5	92.6407778
7831	90.7352222
7831.5	92.4467391
7832	100.183333
7832.5	105.048242
7833	107.311978
7833.5	100.378333
7834	90.8505556
7834.5	90.1053846
7835	88.4708889
7835.5	82.6186765
7836	80.7289706
7836.5	78.8392647
7837	84.2093478
7837.5	96.164
7838	108.971304
7838.5	109.14
7839	106.09
7839.5	101.947143
7840	99.4321978
7840.5	104.333297
7841	112.134
7841.5	123.510222
7842	124.429231
7842.5	118.588571
7843	121.304444
7843.5	127.853478
7844	124.883778
7844.5	122.095714
7845	126.81
7845.5	132.853333
7846	136.078462
7846.5	130.424615
7847	112.478261
7847.5	94.7993333
7848	79.8171111
7848.5	82.1662637
7849	88.1295556
7849.5	109.661304
7850	120.99
7850.5	116.99
7851	108.876739
7851.5	105.218889
7852	109.052857
7852.5	111.124286
7853	107.125333
7853.5	103.94989
7854	101.504945
7854.5	105.087363
7855	110.463333
7855.5	121.258222
7856	123.454066
7856.5	115.34967
7857	111.217363
7857.5	109.51956
7858	103.695556
7858.5	100.636374
7859	99.1548889
7859.5	112.338
7860	128.81
7860.5	137.667143
7861	139.763297
7861.5	133.922637
7862	126.151429
7862.5	117.294286
7863	107.732333
7863.5	98.4186957
7864	108.076667
7864.5	109.456154
7865	105.686923
7865.5	101.323333
7866	100.902527
7866.5	105.803626
7867	114.260667
7867.5	114.007363
7868	110.424945
7868.5	93.6526667
7869	74.903913
7869.5	62.68
7870	58.68
7870.5	57.2015328
7871	59.2051825
7871.5	61.2088321
7872	65.7335556
7872.5	71.4533333
7873	74.1272527
7873.5	76.6846667
7874	83.0108791
7874.5	84.5163736
7875	83.6966667
7875.5	75.956087
7876	63.8308889
7876.5	65.3733333
7877	78.2991304
7877.5	88.98
7878	97.18
7878.5	93.5975824
7879	90.0554348
7879.5	89.2542222
7880	96.42
7880.5	104.725
7881	110.558
7881.5	114.369111
7882	112.046087
7882.5	105.304111
7883	98.160989
7883.5	95.7104396
7884	92.6811111
7884.5	88.0708824
7885	85.1738235
7885.5	82.2767647
7886	86.4628261
7886.5	99.1853333
7887	112.219111
7887.5	120.302418
7888	127.028352
7888.5	118.737143
7889	106.987556
7889.5	83.1434783
7890	66.1544444
7890.5	58.9155556
7891	63.6243478
7891.5	69.1375
7892	71.2808824
7892.5	73.4242647
7893	75.6838462
7893.5	71.9146154
7894	70.01
7894.5	74.01
7895	77.8904348
7895.5	78.9942857
7896	77.6756044
7896.5	73.5466667
7897	74.7437363
7897.5	77.5734066
7898	90.7618681
7898.5	83.4102198
7899	75.9882222
7899.5	68.366
7900	68.71
7900.5	75.639
7901	80.2112222
7901.5	79.306044
7902	76.4763736
7902.5	67.7813043
7903	56.5863235
7903.5	52.0495588
7904	47.5127941
7904.5	45.4871429
7905	47.5585714
7905.5	54.2317778
7906	66.5373333
7906.5	75.6112088
7907	83.3364835
7907.5	78.129011
7908	71.952
7908.5	67.1803297
7909	71.1363736
7909.5	80.3677778
7910	91.0208824
7910.5	95.1826471
7911	99.3444118
7911.5	88.9673333
7912	72.136087
7912.5	67.7329412
7913	68.6152941
7913.5	69.4976471
7914	67.5447826
7914.5	61.6986667
7915	58.0764444
7915.5	60.628913
7916	63.3311111
7916.5	64.4755556
7917	62.2421739
7917.5	59.7617778
7918	58.272967
7918.5	61.2894505
7919	66.1
7919.5	73.68
7920	83.732
7920.5	94.8448889
7921	99.4504348
7921.5	97.7573626
7922	95.12
7922.5	96.6422222
7923	97.5962637
7923.5	96.2775824
7924	93.3825275
7924.5	87.9154945
7925	81.6708889
7925.5	74.8153333
7926	63.8186957
7926.5	49.362
7927	49.1775824
7927.5	49.7645588
7928	49.1358824
7928.5	48.5072059
7929	52.7033333
7929.5	70.1645652
7930	83.9791176
7930.5	90.7879412
7931	97.5967647
7931.5	91.8324444
7932	84.0261538
7932.5	76.2953846
7933	69.0885294
7933.5	63.5407353
7934	57.9929412
7934.5	58.6984444
7935	72.4884783
7935.5	74.5011111
7936	69.5455556
7936.5	65.1483516
7937	61.9528889
7937.5	71.0640659
7938	76.5310989
7938.5	76.1365217
7939	67.7308889
7939.5	62.392
7940	66.6752174
7940.5	75.702
7941	80.8348352
7941.5	85.17
7942	74.3702198
7942.5	72.6724176
7943	72.6244444
7943.5	76.8188889
7944	77.6417582
7944.5	74.8120879
7945	67.5074725
7945.5	57.8975824
7946	44.4846154
7946.5	30.7328889
7947	35.8773333
7947.5	41.9417391
7948	50.5266667
7948.5	60.8933333
7949	69.3693407
7949.5	70.688022
7950	68.9317582
7950.5	65.7284615
7951	59.217
7951.5	52.3402941
7952	48.1785294
7952.5	44.0167647
7953	42.5515385
7953.5	46.3207692
7954	55.6869565
7954.5	66.3033333
7955	74.3088889
7955.5	72.5913187
7956	68.442967
7956.5	58.4435165
7957	54.4874725
7957.5	53.5417778
7958	58.8739706
7958.5	60.135
7959	61.3960294
7959.5	56.5978261
7960	50.732
7960.5	47.8305495
7961	45.38
7961.5	47.6688889
7962	51.0652174
7962.5	58.02
7963	62.7342857
7963.5	67.2068889
7964	71.3957778
7964.5	75.4346154
7965	79.3961538
7965.5	84.51
7966	88.0167033
7966.5	90.2536264
7967	84.0338462
7967.5	74.9933333
7968	62.0024176
7968.5	52.9584615
7969	51.5895556
7969.5	55.7784444
7970	63.9743478
7970.5	66.914
7971	70.202
7971.5	73.252
7972	76.7334783
7972.5	78.6877778
7973	74.4933333
7973.5	67.8282609
7974	66.99
7974.5	68.8026471
7975	69.435
7975.5	70.0673529
7976	75.2973913
7976.5	80.656
7977	86.3457143
7977.5	90.8676923
7978	86.8635556
7978.5	73.646
7979	64.5653846
7979.5	57.0269231
7980	53.6605495
7980.5	51.21
7981	53.4820588
7981.5	55.7541176
7982	63.578
7982.5	83.3723913
7983	93.0828889
7983.5	95.3717778
7984	90.9776087
7984.5	78.506
7985	78.1515385
7985.5	80.37
7986	80.37
7986.5	80.37
7987	80.37
7987.5	78.1084615
7988	72.4546154
7988.5	69.6434066
7989	68.8906593
7989.5	64.3611111
7990	59.5104396
7990.5	54.6695556
7991	49.2846154
7991.5	60.0318681
7992	73.6795556
7992.5	89.4438462
7993	99.6196703
7993.5	99.1166667
7994	85.3577778
7994.5	75.5234783
7995	61.7897778
7995.5	74.2453846
7996	85.4416484
7996.5	87.1394505
7997	85.7968889
7997.5	71.1751111
7998	54.8943478
7998.5	40.1869767
7999	35.5646512
7999.5	39.7623256
8000	43.96
8000.5	65.932093
8001	72.804186
8001.5	74.865814
8002	68.6754545
8002.5	57.7188372
8003	54.6681395
8003.5	53.9375194
8004	55.2127132
8004.5	56.487907
8005	59.8753488
8005.5	67.484186
8006	65.5748837
8006.5	55.1639535
8007	50.3965116
8007.5	48.8709302
8008	53.6383721
8008.5	67.0497674
8009	85.4674419
8009.5	109.972674
8010	127.538605
8010.5	109.056364
8011	95.5537209
8011.5	91.925814
8012	86.7825581
8012.5	78.76
8013	61.1560465
8013.5	60.1193023
8014	66.2239535
8014.5	72.8809091
8015	75.2804651
8015.5	75.4723256
8016	74.5646512
8016.5	70.267907
8017	61.9104651
8017.5	62.6129457
8018	61.8493798
8018.5	61.085814
8019	55.2993023
8019.5	47.8969767
8020	44.944186
8020.5	45.8976744
8021	50.9965116
8021.5	55.7286047
8022	64.0111628
8022.5	72.8593023
8023	78.6136364
8023.5	73.9172093
8024	65.5765116
8024.5	60.0313953
8025	57.1
8025.5	55.3790698
8026	55.0483721
8026.5	58.2925581
8027	50.5309091
8027.5	41.3818605
8028	37.5372093
8028.5	35.9339535
8029	34.4068217
8029.5	34.3304651
8030	36.6211628
8030.5	40.9225581
8031	46.8830233
8031.5	57.7869767
8032	63.9009302
8032.5	69.552907
8033	74.3261628
8033.5	73.2995349
8034	67.5516279
8034.5	62.9183721
8035	61.2437931
8035.5	62.375977
8036	67.0365116
8036.5	75.9718605
8037	86.1323256
8037.5	84.18
8038	78.4330233
8038.5	65.0148837
8039	60.6593103
8039.5	58.2052874
8040	52.7509302
8040.5	45.8846512
8041	41.4025581
8041.5	40.1932558
8042	44.2067442
8042.5	49.9639535
8043	69.0537209
8043.5	76.8872414
8044	79.2783721
8044.5	68.6403876
8045	68.8923256
8045.5	69.1442636
8046	66.8753488
8046.5	62.7697674
8047	52.5551163
8047.5	46.0706897
8048	41.3522989
8048.5	40.5569767
8049	44.5388372
8049.5	49.1765116
8050	55.78
8050.5	64.4088372
8051	67.297907
8051.5	63.8618605
8052	56.2918182
8052.5	50.7504651
8053	51.2965116
8053.5	52.8430233
8054	54.0769767
8054.5	49.0806977
8055	47.7135659
8055.5	48.6050388
8056	49.4965116
8056.5	54.5983721
8057	62.1588372
8057.5	69.4069767
8058	71.8962791
8058.5	67.5709302
8059	64.8406977
8059.5	64.1375723
8060	63.5682081
8060.5	62.9988439
8061	64.0204651
8061.5	69.0632558
8062	74.4548837
8062.5	80.4
8063	78.8767442
8063.5	75.9632558
8064	68.9913953
8064.5	59.5718182
8065	60.522093
8065.5	67.9544186
8066	66.607907
8066.5	64.4767442
8067	61.042093
8067.5	57.6062791
8068	58.7039535
8068.5	60.2957471
8069	61.1311628
8069.5	57.852093
8070	57.617907
8070.5	59.1411628
8071	57.5932558
8071.5	50.9639535
8072	54.637907
8072.5	58.8355814
8073	63.9590909
8073.5	68.8534884
8074	70.9523256
8074.5	80.0627907
8075	86.15
8075.5	92.6637209
8076	102.792326
8076.5	100.693488
8077	96.2190909
8077.5	88.2202326
8078	78.5067442
8078.5	66.2652326
8079	69.3175581
8079.5	76.2869767
8080	90.2460465
8080.5	95.9288462
8081	97.0634615
8081.5	98.0386047
8082	96.5153488
8082.5	93.3
8083	89.2809302
8083.5	87.9495349
8084	88.4017829
8084.5	89.4172868
8085	89.975814
8085.5	88.7
8086	88.6995349
8086.5	89.6530233
8087	89.4406977
8087.5	88.775
8088	88.1093023
8088.5	87.0927907
8089	84.3781395
8089.5	81.2363636
8090	74.4302326
8090.5	54.075814
8091	42.895814
8091.5	33.8844186
8092	30.1944961
8092.5	26.5045736
8093	27.7748837
8093.5	32.5027907
8094	45.8182558
8094.5	54.789186
8095	70.052093
8095.5	92.952093
8096	105.213023
8096.5	118.348837
8097	132.493023
8097.5	129.339302
8098	123.320909
8098.5	116.620233
8099	110.893488
8099.5	105.443023
8100	100.1
8100.5	99.7162791
8101	99.0134884
8101.5	96.0446512
8102	90.5190909
8102.5	82.9011628
8103	83.1110465
8103.5	85.2290698
8104	87.3355814
8104.5	88.7881395
8105	90.1253488
8105.5	92.0918605
8106	96.522093
8106.5	101.34186
8107	104.317442
8107.5	102.404651
8108	99.2109302
8108.5	96.0569767
8109	94.347907
8109.5	93.1395349
8110	98.8723256
8110.5	99.2372727
8111	93.2872093
8111.5	90.5947674
8112	92.3098837
8112.5	95.51
8113	100.696977
8113.5	102.603953
8114	102.269302
8114.5	99.8073563
8115	98.1062069
8115.5	99.3684884
8116	101.394651
8116.5	103.252326
8117	101.199535
8117.5	100.892093
8118	101.033953
8118.5	100.464186
8119	99.3657471
8119.5	99.1088372
8120	102.353023
8120.5	104.588837
8121	105.732248
8121.5	106.875659
8122	109.873721
8122.5	107.966744
8123	104.520909
8123.5	101.934186
8124	104.602791
8124.5	102.880233
8125	99.77
8125.5	97.3901163
8126	99.1052326
8126.5	102.185349
8127	105.953448
8127.5	108.781034
8128	112.426977
8128.5	112.758605
8129	113.130233
8129.5	114.089535
8130	116.926279
8130.5	123.522093
8131	132.994186
8131.5	135.842385
8132	138.238538
8132.5	138.653721
8133	134.118372
8133.5	128.393023
8134	123.53814
8134.5	120.160233
8135	115.17069
8135.5	120.452299
8136	123.998372
8136.5	125.335581
8137	131.202093
8137.5	133.585
8138	135.380233
8138.5	139.132791
8139	143.074419
8139.5	143.713538
8140	142.452
8140.5	141.190462
8141	133.477209
8141.5	127.03814
8142	121.465116
8142.5	110.957209
8143	106.441279
8143.5	105.109884
8144	108.044483
8144.5	111.526279
8145	113.640698
8145.5	110.966279
8146	104.506977
8146.5	98.6265116
8147	96.5863953
8147.5	94.4244186
8148	90.1372727
8148.5	84.6062791
8149	75.737907
8149.5	68.4546512
8150	74.17
8150.5	80.0076744
8151	84.2053488
8151.5	80.0665116
8152	67.3318182
8152.5	51.5286047
8153	36.9597674
8153.5	40.272093
8154	48.192093
8154.5	59.89
8155	68.7662791
8155.5	87.3876744
8156	93.4248837
8156.5	92.4757471
8157	91.225814
8157.5	89.5048837
8158	87.6946512
8158.5	84.3674419
8159	78.7204651
8159.5	69.6769767
8160	72.3513953
8160.5	76.3190909
8161	81.087907
8161.5	83.3786047
8162	80.9893023
8162.5	76.79
8163	71.4602326
8163.5	70.8904651
8164	70.1617241
8164.5	69.2134483
8165	66.0555814
8165.5	59.6648837
8166	65.0718605
8166.5	70.2118605
8167	71.942907
8167.5	72.1347674
8168	72.3266279
8168.5	72.5184884
8169	74.49
8169.5	74.49
8170	73.8416279
8170.5	71.9346512
8171	73.3439535
8171.5	75.9109302
8172	78.4611628
8172.5	86.0675862
8173	88.331954
8173.5	90.607907
8174	91.785814
8174.5	91.4797674
8175	90.91
8175.5	89.0030233
8176	88.1639535
8176.5	89.5065517
8177	90.0697701
8177.5	86.3597674
8178	75.6234884
8178.5	71.3351163
8179	68.6904651
8179.5	74.6090698
8180	80.0318605
8180.5	85.495814
8181	87.5609302
8181.5	87.1527692
8182	86.6450769
8182.5	84.8827907
8183	80.3167442
8183.5	76.5411628
8184	72.6197674
8184.5	66.1465116
8185	54.7906977
8185.5	45.9345455
8186	36.9706977
8186.5	29.2593023
8187	27.4118605
8187.5	27.22
8188	27.22
8188.5	26.9530233
8189	25.9995349
8189.5	27.0436364
8190	29.9595349
8190.5	31.2918605
8191	32.1686047
8191.5	32.3546512
8192	32.7616279
8192.5	33.5290698
8193	35.5551163
8193.5	41.5783721
8194	49.8472093
8194.5	55.1076744
8195	62.5053488
8195.5	70.5686047
8196	76.0204651
8196.5	80.8934884
8197	84.8474419
8197.5	81.7890698
8198	82.2354545
8198.5	85.2255814
8199	92.1672093
8199.5	94.9262791
8200	95.81
8200.5	96.3306977
8201	94.6213953
8201.5	88.8586047
8202	78.5530233
8202.5	75.9758915
8203	76.3557364
8203.5	76.5309302
8204	75.2053488
8204.5	73.0472093
8205	68.4095349
8205.5	62.2095349
8206	53.5937209
8206.5	50.3265116
8207	47.747907
8207.5	46.614186
8208	50.5988372
8208.5	54.0588372
8209	54.8146512
8209.5	55.6318605
8210	56.6946512
8210.5	56.1248837
8211	51.6713953
8211.5	48.3053488
8212	47.7355814
8212.5	45.2739535
8213	43.1576744
8213.5	42.4604651
8214	43.344186
8214.5	44.227907
8215	47.0293023
8215.5	50.8723256
8216	57.5437209
8216.5	66.647907
8217	73.417907
8217.5	77.8911628
8218	82.0597674
8218.5	83.8902326
8219	84.6148837
8219.5	80.0706977
8220	67.895
8220.5	54.4430233
8221	47.3593023
8221.5	34.297907
8222	29.3663953
8222.5	26.8455814
8223	31.2409302
8223.5	35.7269767
8224	38.7427907
8224.5	42.0232558
8225	48.8095349
8225.5	61.0225581
8226	66.4706977
8226.5	70.085814
8227	71.7893023
8227.5	69.0974419
8228	64.2930233
8228.5	55.6232558
8229	46.3227907
8229.5	40.9274419
8230	38.4623256
8230.5	39.2487209
8231	41.0886047
8231.5	45.0653488
8232	51.8134884
8232.5	62.4846512
8233	69.6960465
8233.5	65.6797674
8234	63.7130233
8234.5	65.0386047
8235	66.5465116
8235.5	68.4418605
8236	64.1976744
8236.5	55.0172093
8237	46.6290698
8237.5	43.022093
8238	44.3476744
8238.5	46.5072093
8239	49.7281395
8239.5	56.9006977
8240	82.88
8240.5	87.2404651
8241	88.9995349
8241.5	83.7518605
8242	76.7960465
8242.5	71.2274419
8243	68.2730233
8243.5	67.8496512
8244	67.9645349
8244.5	69.4819767
8245	71.0653488
8245.5	72.7048837
8246	74.3444186
8246.5	72.2704651
8247	71.3755814
8247.5	73.6488372
8248	75.922093
8248.5	78.1953488
8249	81.6732558
8249.5	83.5874419
8250	79.3465116
8250.5	73.5093023
8251	72.2738372
8251.5	73.2215116
8252	73.7270349
8252.5	74.1078488
8253	74.4886628
8253.5	74.222093
8254	72.1574419
8254.5	68.1004651
8255	62.024186
8255.5	56.5772093
8256	50.1013953
8256.5	42.255814
8257	35.9544186
8257.5	32.9997674
8258	31.8660465
8258.5	33.5616279
8259	35.8569767
8259.5	40.1790698
8260	45.085
8260.5	50.2123256
8261	58.6251163
8261.5	65.8037209
8262	75.5109302
8262.5	76.5186822
8263	77.5264341
8263.5	77.99
8264	77.99
8264.5	77.99
8265	74.392907
8265.5	77.4219767
8266	81.4606977
8266.5	86.9472093
8267	90.9986047
8267.5	90.1637209
8268	88.0265116
8268.5	83.5223256
8269	81.9881395
8269.5	83.1218605
8270	84.9848837
8270.5	87.2581395
8271	90.0555814
8271.5	91.7230233
8272	86.5018605
8272.5	77.9409302
8273	72.4790698
8273.5	67.4502326
8274	69.9862791
8274.5	74.0755814
8275	82.2444186
8275.5	89.5137209
8276	93.074186
8276.5	94.4275194
8277	95.0593023
8277.5	95.2253488
8278	92.3811628
8278.5	83.5472093
8279	65.2544186
8279.5	55.7404651
8280	50.63
8280.5	56.8594186
8281	61.7838372
8281.5	70.0462791
8282	80.3788372
8282.5	84.2067442
8283	83.7139535
8283.5	82.607907
8284	81.1265116
8284.5	81.2776744
8285	79.0839535
8285.5	73.6174419
8286	61.8953488
8286.5	51.2102326
8287	45.1930233
8287.5	44.9332558
8288	53.2830233
8288.5	70.5448837
8289	78.0472093
8289.5	82.1348837
8290	76.0739535
8290.5	69.8867442
8291	68.1832558
8291.5	69.2667442
8292	75.1648837
8292.5	77.7268605
8293	78.6745349
8293.5	78.0111628
8294	75.1302326
8294.5	73.2348837
8295	71.3395349
8295.5	73.185814
8296	74.9105814
8296.5	75.8582558
8297	77.0653488
8297.5	78.4653488
8298	79.7909302
8298.5	78.2746512
8299	76.0667442
8299.5	75.3086047
8300	79.465
8300.5	82.9832558
8301	83.7390698
8301.5	82.9027907
8302	81.7186047
8302.5	80.7965116
8303	81.5523256
8303.5	82.9234884
8304	85.0797674
8304.5	87.1967442
8305	88.7293023
8305.5	84.8674419
8306	81.0055814
8306.5	78.7018605
8307	75.1681395
8307.5	73.4983721
8308	73.0747674
8308.5	72.3630233
8309	70.3337209
8309.5	70.5255814
8310	73.1767442
8310.5	76.4174419
8311	75.0146512
8311.5	74.2588372
8312	73.6315116
8312.5	73.2536047
8313	73.3443023
8313.5	73.7222093
8314	71.1618605
8314.5	63.4113953
8315	56.4667442
8315.5	48.7448837
8316	41.7751163
8316.5	37.1195349
8317	39.4018605
8317.5	48.7386047
8318	58.4409302
8318.5	66.8497674
8319	75.4430233
8319.5	83.9406977
8320	93.96
8320.5	95.2855814
8321	95.8167442
8321.5	94.6746512
8322	94.0428682
8322.5	93.4110853
8323	93.31
8323.5	93.31
8324	92.9653488
8324.5	91.6397674
8325	90.9609302
8325.5	90.8330233
8326	90.7051163
8326.5	90.3372093
8327	89.2323256
8327.5	83.6646512
8328	71.4213953
8328.5	59.0176744
8329	50.447907
8329.5	42.8237209
8330	34.1181395
8330.5	25.7516279
8331	26.5132558
8331.5	32.2653488
8332	38.7046512
8332.5	43.2188372
8333	50.8676744
8333.5	62.6269767
8334	72.7962791
8334.5	73.2776744
8335	62.6683721
8335.5	53.5316279
8336	46.8337209
8336.5	49.2988372
8337	54.6362791
8337.5	66.7572093
8338	76.1102326
8338.5	73.9837209
8339	69.0362791
8339.5	66.6938462
8340	65.94
8340.5	65.1861538
8341	67.3448837
8341.5	70.7616279
8342	73.1553488
8342.5	73.5332558
8343	73.6088372
8343.5	73.2309302
8344	72.2086047
8344.5	70.8830233
8345	75.1946512
8345.5	79.0127907
8346	78.9425581
8346.5	77.6034884
8347	77.4755814
8347.5	77.3476744
8348	76.115814
8348.5	77.0634884
8349	77.2597674
8349.5	70.817907
8350	65.7416279
8350.5	64.4160465
8351	62.4302326
8351.5	57.5837209
8352	50.0062791
8352.5	47.7053488
8353	51.1123256
8353.5	56.534186
8354	64.2832558
8354.5	71.8646512
8355	78.2330233
8355.5	79.755814
8356	78.6162791
8356.5	79.7225581
8357	80.6151163
8357.5	81.5532558
8358	82.0846512
8358.5	78.2669767
8359	74.2831395
8359.5	71.2540698
8360	73.11
8360.5	73.865814
8361	75.2597674
8361.5	79.2469767
8362	86.4572093
8362.5	89.7333721
8363	90.6810465
8363.5	85.1960465
8364	75.6167442
8364.5	68.9888372
8365	65.0201163
8365.5	63.3166279
8366	68.2923256
8366.5	74.467907
8367	77.5827907
8367.5	78.5944186
8368	79.6060465
8368.5	82.1986047
8369	84.852093
8369.5	86.8167442
8370	83.5274419
8370.5	82.9681395
8371	84.1018605
8371.5	87.1816279
8372	90.3130233
8372.5	92.7302326
8373	89.5895349
8373.5	90.5372093
8374	91.4848837
8374.5	92.4325581
8375	93.2344186
8375.5	92.5386047
8376	89.1625581
8376.5	86.0230233
8377	86.6887209
8377.5	87.3544186
8378	88.0201163
8378.5	85.1373256
8379	84.0036047
8379.5	83.772069
8380	85.6456322
8380.5	87.9546512
8381	89.9424419
8381.5	91.6459302
8382	88.1018605
8382.5	86.5330233
8383	86.9097674
8383.5	85.584186
8384	79.4906977
8384.5	79.0817442
8385	80.7346512
8385.5	84.7355814
8386	87.0088372
8386.5	85.3367442
8387	75.5332558
8387.5	70.9890698
8388	71.5404651
8388.5	72.2962791
8389	67.4637209
8389.5	57.8067442
8390	53.2602326
8390.5	54.9174419
8391	55.5376744
8391.5	56.8260465
8392	62.5272093
8392.5	70.9974419
8393	82.7206977
8393.5	89.8486047
8394	89.1869767
8394.5	87.9974419
8395	87.4276744
8395.5	87.8153488
8396	89.3269767
8396.5	90.8472093
8397	88.7080723
8397.5	86.9850769
8398	88.5081538
8398.5	90.0312308
8399	92.7025
8399.5	92.8782759
8400	91.93
8400.5	93.4472414
8401	95.35
8401.5	96.4893103
8402	94.5927586
8402.5	91.9453488
8403	89.95375
8403.5	88.3303448
8404	89.8475862
8404.5	91.7995349
8405	93.6592
8405.5	93.8477714
8406	94.0363429
8406.5	94.2249143
8407	95.62
8407.5	90.9630233
8408	84.07
8408.5	75.5297674
8409	71.7025
8409.5	70.077931
8410	68.5606897
8410.5	64.7941379
8411	63.8458621
8411.5	64.0582759
8412	66.5237931
8412.5	70.66
8413	73.3589655
8413.5	75.0658621
8414	73.2413793
8414.5	70.9711628
8415	69.97
8415.5	72.97
8416	74.7395385
8416.5	75.7549231
8417	76.84
8417.5	81.0860465
8418	81.865
8418.5	79.6922901
8419	80.4480153
8419.5	81.2037405
8420	84.0637209
8420.5	86.095
8421	87.8088372
8421.5	85.4893103
8422	84.9203448
8422.5	84.7762069
8423	84.9658621
8423.5	84.6925
8424	84.3286207
8424.5	84.1389655
8425	82.1681395
8425.5	77.5075
8426	73.8644186
8426.5	73.465
8427	74.4025
8427.5	75.7525
8428	72.275814
8428.5	68.335
8429	64.9006977
8429.5	63.29875
8430	62.36125
8430.5	64.87
8431	68.7148837
8431.5	76.84
8432	84.5165116
8432.5	86.575
8433	87.2227586
8433.5	87.602069
8434	87.9813793
8434.5	88.0268966
8435	86.32
8435.5	84.07
8436	80.26
8436.5	75.6909302
8437	73.57
8437.5	71.6875
8438	68.4923256
8438.5	59.59
8439	52.005
8439.5	49.7834483
8440	51.1110345
8440.5	57.3188372
8441	58.8844828
8441.5	58.8475
8442	52.9563636
8442.5	45.0032558
8443	36.605
8443.5	30.9127586
8444	26.3610345
8444.5	29.165
8445	33.59
8445.5	38.6872093
8446	48.7193182
8446.5	57.9860465
8447	65.335
8447.5	77.7775
8448	79.6525
8448.5	81.6386047
8449	82.72
8449.5	82.8531034
8450	83.8013793
8450.5	85.1934483
8451	86.86
8451.5	91.9453488
8452	96.4931034
8452.5	101.803448
8453	99.31
8453.5	85.0690698
8454	80.95375
8454.5	79.7541379
8455	80.3231034
8455.5	81.0134483
8456	81.9617241
8456.5	80.802093
8457	79.51
8457.5	79.2306897
8458	79.0410345
8458.5	78.8513793
8459	80.35
8459.5	82.874186
8460	86.9725
8460.5	86.6651724
8461	84.01
8461.5	75.1537209
8462	73.255
8462.5	72.505
8463	72.4144828
8463.5	72.9834483
8464	73.8406897
8464.5	74.7086047
8465	71.53
8465.5	66.5996552
8466	58.6341379
8466.5	46.0661364
8467	34.1286047
8467.5	29.21
8468	27.5141379
8468.5	26.4748276
8469	27.6127586
8469.5	31.385
8470	37.3134884
8470.5	36.4475
8471	31.4348837
8471.5	28.4586207
8472	26.9413793
8472.5	25.5974046
8473	24.589771
8473.5	23.5821374
8474	25.2339535
8474.5	30.125
8475	38.7409302
8475.5	46.64
8476	48.0158621
8476.5	45.1710345
8477	41.2351163
8477.5	38.705
8478	36.83
8478.5	40.6231034
8479	45.4253488
8479.5	51.6754545
8480	66.6197674
8480.5	75.71875
8481	76.65625
8481.5	70.675
8482	68.2083721
8482.5	69.8955725
8483	70.1474809
8483.5	70.3993893
8484	71.3827586
8484.5	72.7103448
8485	70.8637209
8485.5	66.43
8486	63.1517241
8486.5	60.8758621
8487	56.875
8487.5	52.7816092
8488	49.183908
8488.5	38.1725
8489	32.4402326
8489.5	30.635
8490	31.76
8490.5	35.9651724
8491	42.2237931
8491.5	52.66
8492	65.86
8492.5	79.3375
8493	81.0775
8493.5	76.895814
8494	70.06
8494.5	62.6290698
8495	64.3404651
8495.5	70.96
8496	78.19
8496.5	82.0831034
8497	80.5658621
8497.5	78.5304651
8498	75.07
8498.5	67.5625
8499	71.8
8499.5	66.3
8500	57.12
8500.5	49.8517241
8501	47.7655172
8501.5	50.465
8502	53.17
8502.5	58.1182759
8503	57.3596552
8503.5	57.6560465
8504	59.395
8504.5	61.27
8505	68.1017241
8505.5	75.1568966
8506	75.7258621
8506.5	75.8137209
8507	75.71125
8507.5	76.27375
8508	77.8397674
8508.5	76.9017241
8509	74.815
8509.5	68.3234884
8510	62.47
8510.5	56.86
8511	53.1529885
8511.5	50.313908
8512	51.5610345
8512.5	53.4755172
8513	56.51
8513.5	59.8631034
8514	63.6562069
8514.5	67.93
8515	69.7509302
8515.5	66.6504651
8516	56.5922727
8516.5	41.6
8517	30.1124138
8517.5	23.0951724
8518	22.4503448
8518.5	24.5365517
8519	30.4325
8519.5	39.0575
8520	49.3123256
8520.5	67.81
8521	78.6617241
8521.5	80.747931
8522	89.29
8522.5	87.6025
8523	84.4781395
8523.5	78.295
8524	75.8444186
8524.5	74.23
8525	69.9888372
8525.5	66.25
8526	69.2060465
8526.5	70.7682759
8527	69.4406897
8527.5	70.2475
8528	72.9127907
8528.5	75.55
8529	76.9813793
8529.5	77.395
8530	70.2804651
8530.5	60.91
8531	62.2837209
8531.5	63.9026718
8532	64.4064885
8532.5	64.99
8533	66.9574419
8533.5	71.275
8534	71.285814
8534.5	62.755
8535	57.49
8535.5	56.95
8536	56.7965116
8536.5	54.1027273
8537	46.5765116
8537.5	37.0925
8538	33.53
8538.5	33.53
8539	33.53
8539.5	33.53
8540	34.0175
8540.5	36.6381395
8541	41.99
8541.5	48.3493023
8542	55.8336364
8542.5	59.41
8543	64.84
8543.5	76.7993103
8544	82.8682759
8544.5	82.7590698
8545	80.53
8545.5	81.9148837
8546	84.4975
8546.5	86.0355172
8547	82.6217241
8547.5	78.6839535
8548	75.445
8548.5	73.0441379
8549	70.5786207
8549.5	71.7544828
8550	73.5325
8550.5	76.1468966
8551	77.2848276
8551.5	75.2074419
8552	73.4575573
8552.5	72.5758779
8553	71.6406897
8553.5	70.3131034
8554	72.34
8554.5	79.7353488
8555	84.04
8555.5	78.685
8556	66.8841379
8556.5	68.5910345
8557	70.975
8557.5	72.0686047
8558	70.885
8558.5	72.5168966
8559	74.6031034
8559.5	80.1410345
8560	82.4168966
8560.5	83.1565517
8561	80.3117241
8561.5	69.82
8562	61.4088372
8562.5	63.6903448
8563	67.39
8563.5	70.1039535
8564	73.5325
8564.5	76.3706897
8565	77.6982759
8565.5	76.9775862
8566	75.4603448
8566.5	73.0137931
8567	70.465
8567.5	67.6525
8568	67.1003448
8568.5	68.9968966
8569	70.7531034
8569.5	72.46
8570	71.11375
8570.5	70.92625
8571	71.8306977
8571.5	75.265
8572	73.5574419
8572.5	68.365
8573	65.425
8573.5	63.0682759
8574	62.12
8574.5	60.6937931
8575	58.6075862
8575.5	53.86
8576	49.3266667
8576.5	45.227931
8577	42.1934483
8577.5	38.8555172
8578	34.8727586
8578.5	30.3725
8579	32.6704651
8579.5	44.87
8580	54.9393023
8580.5	68.83
8581	74.2251163
8581.5	77.68
8582	79.405
8582.5	75.852093
8583	73.165
8583.5	76.75
8584	83.6646512
8584.5	86.0425
8585	87.9175
8585.5	85.2993023
8586	82.1362069
8586.5	79.7541379
8587	81.4610345
8587.5	81.745
8588	77.92
8588.5	72.5674419
8589	65.53
8589.5	67.7709302
8590	71.3106897
8590.5	73.03
8591	68.5455172
8591.5	67.5972414
8592	68.86
8592.5	68.4013793
8593	66.3151724
8593.5	67.7944828
8594	69.835
8594.5	72.0893846
8595	71.9624615
8595.5	71.8355385
8596	69.37
8596.5	71.0862791
8597	74.4720896
8597.5	74.7929851
8598	75.1138806
8598.5	74.8262791
8599	73.6983721
8599.5	69.585
8600	65.27
8600.5	63.9405882
8601	63.235
8601.5	63.985
8602	65.6083721
8602.5	68.1857143
8603	70.0861628
8603.5	68.3943023
8604	66.0564286
8604.5	61.7334884
8605	55.2660465
8605.5	49.6874419
8606	46.7602353
8606.5	44.2409302
8607	43.2028235
8607.5	43.9616471
8608	43.6696512
8608.5	42.7336047
8609	41.6129412
8609.5	39.872093
8610	35.2225581
8610.5	29.1471429
8611	24.6244186
8611.5	23.295
8612	22.6697647
8612.5	23.9991765
8613	26.202093
8613.5	29.9637209
8614	36.2495238
8614.5	41.3993023
8615	43.456
8615.5	45.8013953
8616	52.9904651
8616.5	62.4555814
8617	72.7621429
8617.5	75.9048837
8618	76.9958824
8618.5	77.7547059
8619	77.6076744
8619.5	76.1018605
8620	72.552093
8620.5	67.64
8621	65.2206977
8621.5	67.9919048
8622	70.5281395
8622.5	70.714186
8623	71.5595349
8623.5	74
8624	74.9418605
8624.5	76.3590698
8625	79.83
8625.5	82.0430409
8626	82.5138012
8626.5	82.9845614
8627	82.8386047
8627.5	79.1165116
8628	75.1011628
8628.5	73.7891765
8629	73.9774118
8629.5	74.556875
8630	75.1896875
8630.5	76.9446512
8631	75.7193023
8631.5	69.0171429
8632	63.2539535
8632.5	65.3904651
8633	68.2757143
8633.5	70.8239535
8634	73.8355814
8634.5	72.8748837
8635	69.4271429
8635.5	67.9546512
8636	65.1782353
8636.5	66.3194118
8637	67.7359302
8637.5	69.4277907
8638	71.6014286
8638.5	74.8611628
8639	77.6644186
8639.5	81.9085714
8640	87.2195349
8640.5	90.6144186
8641	92.3493023
8641.5	87.8172093
8642	83.3265116
8642.5	77.3997674
8643	72.3242857
8643.5	72.3709302
8644	74.2546512
8644.5	78.6113953
8645	84.5262791
8645.5	87.3005882
8646	85.7770588
8646.5	84.0095349
8647	80.8676744
8647.5	79.4914118
8648	76.5309302
8648.5	69.8602326
8649	64.8983721
8649.5	63.385
8650	63.66
8650.5	60.6933333
8651	58.2448837
8651.5	56.3611628
8652	57.3167442
8652.5	62.3171429
8653	68.3455814
8653.5	75.7204651
8654	78.0170588
8654.5	79.5405882
8655	78.3430233
8655.5	75.6153488
8656	73.3751563
8656.5	73.7540625
8657	74.1329687
8657.5	73.0630233
8658	70.8993023
8658.5	65.8723256
8659	67.4988235
8659.5	69.8555814
8660	71.7334884
8660.5	71.9787059
8661	70.4551765
8661.5	67.1904651
8662	65.1085714
8662.5	62.5137209
8663	60.257907
8663.5	61.1997674
8664	65.89
8664.5	71.6993023
8665	74.7309375
8665.5	75.7426563
8666	76.754375
8666.5	78.0322353
8667	79.5557647
8667.5	78.5952326
8668	77.0144186
8668.5	75.0228571
8669	72.8230233
8669.5	71.6990698
8670	72.8269767
8670.5	71.1361905
8671	66.6686047
8671.5	62.7295238
8672	60.6794186
8672.5	58.9875581
8673	61.6381395
8673.5	65.6
8674	73.6927907
8674.5	82.51
8675	82.9567188
8675.5	81.9489063
8676	80.9410937
8676.5	76.59
8677	72.2895349
8677.5	70.9575581
8678	72.6494186
8678.5	74.9204762
8679	78.1239535
8679.5	81.4895294
8680	83.966
8680.5	87.6927907
8681	90.266
8681.5	88.366
8682	84.1983721
8682.5	79.9695349
8683	76.0645882
8683.5	74.9234118
8684	75.954186
8684.5	80.0372093
8685	84.92
8685.5	82.9802353
8686	81.6508235
8686.5	79.175814
8687	75.2223256
8687.5	74.8545882
8688	76.1898824
8688.5	80.3713953
8689	86.0618605
8689.5	87.8084706
8690	89.332
8690.5	88.4839535
8691	86.414186
8691.5	80.2072093
8692	76.8565116
8692.5	71.3583721
8693	67.4443529
8693.5	64.7796471
8694	67.2664706
8694.5	70.9913953
8695	74.8197674
8695.5	74.294186
8696	69.4778571
8696.5	66.0204651
8697	66.86
8697.5	68.6428571
8698	72.0516279
8698.5	71.6213953
8699	68.5367442
8699.5	67.0516667
8700	67.375
8700.5	68.1833333
8701	70.7034884
8701.5	73.7151163
8702	75.6418824
8702.5	76.7830588
8703	75.4260465
8703.5	73.4586047
8704	69.59
8704.5	65.7667442
8705	63.3248837
8705.5	64.91
8706	66.7244186
8706.5	63.1595294
8707	62.2124706
8707.5	62.3506977
8708	63.6646512
8708.5	62.9696471
8709	61.3586047
8709.5	57.367907
8710	60.552
8710.5	61.8814118
8711	64.2874419
8711.5	66.1245349
8712	67.7242857
8712.5	70.1412281
8713	70.2377193
8713.5	70.3342105
8714	70.4307018
8714.5	67.1383721
8715	60.2509524
8715.5	50.3313953
8716	55.5188372
8716.5	65.1886047
8717	73.4714286
8717.5	75.988062
8718	77.619845
8718.5	76.8257143
8719	64.2190698
8719.5	45.0148837
8720	31.128
8720.5	19.9044706
8721	19.5854386
8721.5	19.4889474
8722	19.3924561
8722.5	21.0365116
8723	24.6041176
8723.5	28.41
8724	39.0927907
8724.5	50.6481395
8725	59.1071765
8725.5	63.6718824
8726	63.7318605
8726.5	62.04
8727	66.1004651
8727.5	67.2283721
8728	68.2792941
8728.5	69.2322353
8729	69.7553488
8729.5	70.2819048
8730	76.0398837
8730.5	71.1503488
8731	67.9850588
8731.5	66.8438824
8732	67.2357364
8732.5	68.1117054
8733	68.5218824
8733.5	66.8101176
8734	67.9069767
8734.5	72.2772093
8735	77.16
8735.5	80.0001562
8736	82.6525
8736.5	82.5918605
8737	76.9523256
8737.5	68.6369767
8738	65.5284706
8738.5	64.3902326
8739	65.5181395
8739.5	66.7971429
8740	66.6602326
8740.5	64.9683721
8741	60.6723529
8741.5	56.8967442
8742	63.5748837
8742.5	69.3461176
8743	74.0990588
8743.5	72.2990698
8744	65.8706977
8744.5	59.8293023
8745	57.9954688
8745.5	57.3626563
8746	56.7298437
8746.5	54.7004651
8747	51.7502326
8747.5	55.6042353
8748	61.6381395
8748.5	69.1274419
8749	69.625625
8749.5	68.7428125
8750	67.86
8750.5	71.2492941
8751	74.6728235
8751.5	78.4113953
8752	79.8577344
8752.5	79.3538281
8753	78.7697674
8753.5	74.5576744
8754	73.0135156
8754.5	74.0252344
8755	75.0369531
8755.5	74.4555294
8756	73.2246512
8756.5	70.2445882
8757	69.1034118
8757.5	69.23
8758	70.0343023
8758.5	70.4122093
8759	69.8804687
8759.5	69.2476562
8760	69.9804651
8760.5	73.7742857
8761	70.4851163
8761.5	61.2023256
8762	48.4335714
8762.5	29.4167442
8763	22.255814
8763.5	21.9029412
8764	25.7088235
8764.5	33.3909302
8765	47.5519048
8765.5	67.4713953
8766	70.9444186
8766.5	71.4998824
8767	69.7881176
8767.5	67.0104651
8768	65.4444186
8768.5	64.8542857
8769	67.895814
8769.5	71.0181395
8770	70.836
8770.5	69.5065882
8771	69.48
8771.5	69.48
8772	66.7939535
8772.5	64.8232558
8773	66.3290698
8773.5	64.8109412
8774	62.3783721
8774.5	60.9944706
8775	67.6532941
8775.5	70.668062
8776	71.044031
8776.5	71.42
8777	73.1317647
8777.5	74.6125581
8778	75.5544186
8778.5	75.1755294
8779	73.8402353
8779.5	70.1430952
8780	71
8780.5	70.5
8781	70
8781.5	71.65
8782	76.9588372
8782.5	76.6529687
8783	75.6451562
8783.5	73.1890698
8784	71.3486047
8784.5	74.395814
8785	74.4327059
8785.5	72.9309302
8786	65.21
8786.5	53.9332558
8787	44.8111628
8787.5	40.1134884
8788	29.7664286
8788.5	24.1040698
8789	21.5904706
8789.5	28.8198824
8790	37.9616279
8790.5	52.8362791
8791	59.8293023
8791.5	65.9095349
8792	71.6713953
8792.5	75.4316279
8793	77.6345882
8793.5	78.3934118
8794	76.9948837
8794.5	76.5529412
8795	76.3183721
8795.5	76.5044186
8796	78.255
8796.5	82.0736047
8797	86.2073256
8797.5	88.3422353
8798	89.5315
8798.5	88.0351724
8799	86.1501149
8799.5	84.8221839
8800	83.69
8800.5	84.0635632
8801	84.209
8801.5	83.7051538
8802	83.2013077
8802.5	83.03
8803	83.03
8803.5	79.5665116
8804	76.2995455
8804.5	72.9438462
8805	71.1746154
8805.5	69.4053846
8806	72.4848837
8806.5	77.6754545
8807	80.1510345
8807.5	78.0763218
8808	75.7737209
8808.5	73.5209091
8809	71.142093
8809.5	68.4734884
8810	64.8788372
8810.5	62.5395455
8811	60.0227907
8811.5	59.0712644
8812	59.8241379
8812.5	62.1906977
8813	64.8659091
8813.5	68.1732558
8814	73.5145455
8814.5	76.9646512
8815	77.4490805
8815.5	76.1272414
8816	74.8054023
8816.5	73.5367442
8817	74.8739535
8817.5	75.2509091
8818	72.245814
8818.5	68.3463636
8819	70.1244186
8819.5	74.6367442
8820	81.065814
8820.5	83.5009302
8821	79.0472727
8821.5	72.1046512
8822	66.8315909
8822.5	63.9809302
8823	66.6870455
8823.5	70.2113953
8824	75.7022727
8824.5	81.4697674
8825	80.2260465
8825.5	77.4781609
8826	75.5931034
8826.5	76.9008046
8827	78.7193023
8827.5	81.7461364
8828	85.1144186
8828.5	85.5089655
8829	83.623908
8829.5	77.45
8830	72.6388636
8830.5	66.6814943
8831	68.1872414
8831.5	70.1011628
8832	72.1462791
8832.5	72.9805747
8833	73.6893182
8833.5	76.7239535
8834	79.9681395
8834.5	78.9704545
8835	75.6877907
8835.5	74.3563953
8836	74.1046083
8836.5	74.0285714
8837	73.9525346
8837.5	73.8764977
8838	74.5273563
8838.5	75.8491954
8839	71.7702273
8839.5	68.5132558
8840	66.8044828
8840.5	66.0516092
8841	63.7830233
8841.5	59.2056818
8842	52.4104651
8842.5	42.1027273
8843	35.8256322
8843.5	33.181954
8844	33.9639535
8844.5	41.3147727
8845	65.3555814
8845.5	81.0569767
8846	85.1017241
8846.5	87.6483908
8847	85.7633333
8847.5	83.2434483
8848	79.8468966
8848.5	80.7090698
8849	83.5753488
8849.5	81.5162069
8850	78.765
8850.5	73.8609302
8851	70.4275862
8851.5	69.4850575
8852	64.7225581
8852.5	56.6654545
8853	52.3816092
8853.5	53.8931034
8854	57.0883721
8854.5	66.5265116
8855	76.6413636
8855.5	85.1555814
8856	90.3532558
8856.5	92.074186
8857	91.8152273
8857.5	87.4925581
8858	82.4506977
8858.5	78.3018182
8859	73.5590805
8859.5	69.5148837
8860	71.8055814
8860.5	74.0754545
8861	77.1332558
8861.5	81.6325
8862	85.3846512
8862.5	88.8268966
8863	86.9418391
8863.5	84.9354023
8864	82.6710345
8864.5	83.7095349
8865	90.8472727
8865.5	99.5944186
8866	101.684091
8866.5	94.1248837
8867	83.1922727
8867.5	78.3254651
8868	76.7963953
8868.5	79.9522727
8869	85.2695402
8869.5	83.758046
8870	80.5232558
8870.5	73.345
8871	66.3816279
8871.5	57.9060465
8872	44.8422727
8872.5	51.5004545
8873	61.5053488
8873.5	73.9481395
8874	84.1854545
8874.5	86.7797692
8875	87.5374615
8875.5	88.1883721
8876	83.3441379
8876.5	77.12
8877	70.9460465
8877.5	65.5427273
8878	60.8746512
8878.5	56.607907
8879	47.9418391
8879.5	52.4648276
8880	58.695814
8880.5	67.3269767
8881	67.4540909
8881.5	64.5948837
8882	63.66
8882.5	64.6134884
8883	66.3468182
8883.5	69.3527907
8884	71.2597674
8884.5	77.4490909
8885	83.6760465
8885.5	88.5276744
8886	81.885814
8886.5	76.9551724
8887	73.5586207
8887.5	70.6318182
8888	66.0488372
8888.5	62.35
8889	59.9034884
8889.5	61.4325581
8890	65.1863636
8890.5	70.7727907
8891	69.98
8891.5	71.6253488
8892	74.3711364
8892.5	77.4593103
8893	79.3443678
8893.5	78.2204651
8894	74.9366667
8894.5	72.861954
8895	67.3923256
8895.5	64.0513636
8896	63.5416279
8896.5	69.3102273
8897	76.2860465
8897.5	85.5990698
8898	87.6586207
8898.5	87.3149425
8899	87.6885057
8899.5	87.6081395
8900	87.955
8900.5	88.2953488
8901	83.9453488
8901.5	76.1381818
8902	70.9861364
8902.5	69.534186
8903	70.8713953
8903.5	72.3877011
8904	74.0831034
8904.5	74.3502299
8905	74.124186
8905.5	71.6618182
8906	67.7455814
8906.5	62.2423256
8907	60.7636364
8907.5	63.9613953
8908	68.3213636
8908.5	75.3025581
8909	76.4625
8909.5	75.5444828
8910	75.7341379
8910.5	77.8681395
8911	83.2860465
8911.5	86.31
8912	84.3493023
8912.5	83.2278161
8913	85.1128736
8913.5	89.2077273
8914	94.0104651
8914.5	93.9290698
8915	95.9206897
8915.5	97.4321839
8916	96.9939535
8916.5	93.911954
8917	92.5901149
8917.5	90.5706977
8918	87.63
8918.5	82.5813953
8919	77.1004545
8919.5	76.1317442
8920	77.8468605
8920.5	80.4025
8921	82.2389655
8921.5	83.6288372
8922	82.0997674
8922.5	81.4829885
8923	82.8048276
8923.5	84.6886047
8924	86.9418182
8924.5	92.427907
8925	97.1630233
8925.5	98.5811628
8926	92.6729545
8926.5	86.2655814
8927	84.9432184
8927.5	85.8857471
8928	101.283636
8928.5	104.862558
8929	101.240465
8929.5	98.9581609
8930	100.090345
8930.5	100.164483
8931	99.7851724
8931.5	98.1184091
8932	90.7797674
8932.5	78.7634884
8933	66.5973563
8933.5	58.672069
8934	59.0631034
8934.5	62.1574419
8935	69.4809091
8935.5	77.7427907
8936	78.5195455
8936.5	73.7851163
8937	68.3018605
8937.5	68.353908
8938	70.1504651
8938.5	76.795
8939	81.3076744
8939.5	86.1936364
8940	86.6753488
8940.5	84.5688372
8941	85.3363218
8941.5	86.9368182
8942	92.6323256
8942.5	102.711395
8943	111.606591
8943.5	113.13407
8944	111.988721
8944.5	109.613218
8945	106.593678
8945.5	101.312069
8946	87.5751163
8946.5	69.6009091
8947	56.5630233
8947.5	45.4963636
8948	41.837931
8948.5	45.9873563
8949	53.4911628
8949.5	67.2660465
8950	80.8175
8950.5	88.4516279
8951	91.407907
8951.5	95.6651724
8952	100.193908
8952.5	99.8751163
8953	93.9006818
8953.5	87.1409302
8954	78.6055814
8954.5	77.9362308
8955	77.4323846
8955.5	78.9638636
8956	82.5221839
8956.5	84.7865517
8957	81.5565116
8957.5	75.6966667
8958	72.8633333
8958.5	71.1644828
8959	72.1127586
8959.5	74.0211628
8960	68.2972727
8960.5	62.7059302
8961	59.1554545
8961.5	67.1546512
8962	76.7336364
8962.5	86.5193023
8963	93.2702299
8963.5	97.6093103
8964	99.7888506
8964.5	100.902907
8965	97.280814
8965.5	92.5168182
8966	85.4746512
8966.5	78.3569767
8967	74.0636364
8967.5	74.9042529
8968	76.8030233
8968.5	81.5072093
8969	84.2334483
8969.5	85.3656322
8970	87.0390909
8970.5	86.7575385
8971	86.1267692
8971.5	85.1626744
8972	83.2498837
8972.5	81.6593103
8973	80.3432184
8973.5	80.9709091
8974	77.0765517
8974.5	70.8524138
8975	62.7093023
8975.5	54.0025581
8976	50.6975862
8976.5	48.2435632
8977	53.0404545
8977.5	67.2793023
8978	79.9702273
8978.5	88.2752874
8979	94.3155172
8979.5	95.634186
8980	94.2969767
8980.5	89.3786047
8981	83.8437209
8981.5	78.6472727
8982	77.4675862
8982.5	80.4848276
8983	83.5266279
8983.5	86.5789535
8984	89.3095349
8984.5	83.5954545
8985	78.8086047
8985.5	78.6167442
8986	83.5054545
8986.5	87.285814
8987	89.4942529
8987.5	86.8505747
8988	83.6568182
8988.5	80.2590698
8989	80.7942529
8989.5	83.2482759
8990	84.7691954
8990.5	86.1939535
8991	88.8683721
8991.5	91.9393103
8992	95.7151724
8992.5	96.9139231
8993	96.5331538
8993.5	96.1302273
8994	93.887907
8994.5	87.015814
8995	73.16
8995.5	53.6911628
8996	44.2481818
8996.5	45.8823256
8997	49.854023
8997.5	57.7793103
8998	69.1062791
8998.5	86.9846667
8999	95.0230233
8999.5	95.9765116
9000	90.88
9000.5	87.7913953
9001	84.0537209
9001.5	79.974186
9002	77.2083908
9002.5	74.9555172
9003	76.5713953
9003.5	79.4737209
9004	87.042093
9004.5	97.0627907
9005	107.313023
9005.5	108.044884
9006	102.958837
9006.5	96.247907
9007	93.4409302
9007.5	92.0595349
9008	91.675814
9008.5	91.2956977
9009	90.9177907
9009.5	91.1067442
9010	91.3586822
9010.5	92.0063636
9011	90.9188372
9011.5	86.5525581
9012	80.9513953
9012.5	77.49
9013	74.5509302
9013.5	72.0602326
9014	69.0253488
9014.5	65.4054545
9015	61.0004651
9015.5	45.8490698
9016	39.3174419
9016.5	35.5651163
9017	39.1697674
9017.5	48.0106977
9018	62.4372093
9018.5	70.0574713
9019	76.4188372
9019.5	89.0281395
9020	91.7237209
9020.5	92.2934884
9021	91.8034884
9021.5	90.6639535
9022	89.3574419
9022.5	83.3590698
9023	75.1418182
9023.5	68.7704651
9024	65.7295349
9024.5	65.1597674
9025	63.445
9025.5	62.2348837
9026	66.8651163
9026.5	75.1239535
9027	79.9209091
9027.5	79.5876744
9028	77.8783721
9028.5	74.8965116
9029	71.4960465
9029.5	66.0718605
9030	64.5676744
9030.5	67.7330233
9031	70.1632558
9031.5	73.0467442
9032	75.4025581
9032.5	80.1290698
9033	83.9444186
9033.5	85.7202326
9034	85.0923256
9034.5	83.0690698
9035	81.8155172
9035.5	84.0683908
9036	83.6569767
9036.5	79.8546512
9037	75.5081395
9037.5	74.055
9038	73.2003468
9038.5	72.9171098
9039	72.6338728
9039.5	72.3506358
9040	72.777907
9040.5	73.5395349
9041	74.7752326
9041.5	73.8275581
9042	73.1913953
9042.5	73.0634884
9043	72.9355814
9043.5	73.664023
9044	74.6637209
9044.5	76.2939535
9045	76.8637209
9045.5	76.2502326
9046	74.9388372
9046.5	73.9853488
9047	74.0051163
9047.5	74.1330233
9048	73.4990805
9048.5	71.2462069
9049	68.8702326
9049.5	66.4051163
9050	67.365
9050.5	69.0948837
9051	71.5453488
9051.5	72.4930233
9052	78.5227273
9052.5	87.154186
9053	89.8390698
9053.5	91.3809302
9054	93.0902326
9054.5	92.8509302
9055	89.2327907
9055.5	87.187907
9056	86.0483721
9056.5	84.9211494
9057	82.575814
9057.5	74.8409302
9058	68.2962791
9058.5	67.1786047
9059	66.2067442
9059.5	64.6434884
9060	61.9137209
9060.5	59.1669231
9061	57.0323077
9061.5	54.8976923
9062	57.3055814
9062.5	64.1
9063	73.1744186
9063.5	75.8072093
9064	74.475814
9064.5	72.4191954
9065	69.7927586
9065.5	71.1888372
9066	74.0423256
9066.5	74.835814
9067	73.3183721
9067.5	70.6127907
9068	67.815814
9068.5	70.6995349
9069	75.1895349
9069.5	80.1337209
9070	83.2913953
9070.5	86.1323256
9071	89.4095349
9071.5	94.8430233
9072	91.5409302
9072.5	83.7693023
9073	77.6945455
9073.5	73.695814
9074	71.2686047
9074.5	69.5593023
9075	71.93
9075.5	77.4160465
9076	82.1295349
9076.5	86.9124138
9077	89.9181609
9077.5	89.8481395
9078	88.3306977
9078.5	84.214186
9079	80.5225581
9079.5	79.5748837
9080	76.7497674
9080.5	71.6927907
9081	68.202093
9081.5	65.2632558
9082	62.984186
9082.5	64.71
9083	72.7476744
9083.5	78.4946512
9084	81.7937209
9084.5	83.2582558
9085	86.057907
9085.5	91.4286207
9086	88.0493103
9086.5	81.5651163
9087	75.5618605
9087.5	71.28
9088	65.1027907
9088.5	57.3083721
9089	44.4983721
9089.5	35.4390909
9090	37.9834884
9090.5	48.5988372
9091	58.1297674
9091.5	63.4646512
9092	67.2132558
9092.5	69.8551163
9093	72.3797674
9093.5	76.5565116
9094	81.0918605
9094.5	85.8406977
9095	86.794186
9095.5	88.1997674
9096	90.0951163
9096.5	91.2746512
9097	92.1290698
9097.5	90.2646512
9098	86.6345455
9098.5	82.3444186
9099	76.9027907
9099.5	69.4567442
9100	72.91
9100.5	76.6175581
9101	75.1001163
9101.5	72.9575862
9102	69.9518391
9102.5	64.6016279
9103	60.6367442
9103.5	57.0539535
9104	48.7855814
9104.5	40.8088372
9105	38.6609302
9105.5	41.8934884
9106	46.484186
9106.5	71.8953488
9107	81.1627907
9107.5	82.0883721
9108	73.4013953
9108.5	67.0618605
9109	68.3665116
9109.5	71.8527907
9110	78.265814
9110.5	83.5097701
9111	82.9465517
9111.5	82.3795349
9112	81.8097674
9112.5	83.37
9113	84.6809302
9113.5	81.6562791
9114	75.2834884
9114.5	70.0329885
9115	67.2168966
9115.5	57.6804651
9116	51.6934884
9116.5	45.5967442
9117	43.5496512
9117.5	46.2066279
9118	58.1381395
9118.5	71.507907
9119	80.725814
9119.5	85.2793023
9120	86.2561628
9120.5	83.2154651
9121	83.1197674
9121.5	84.8290698
9122	88.4168605
9122.5	91.3613793
9123	90.4245977
9123.5	88.1451163
9124	84.1567442
9124.5	76.6144186
9125	67.69
9125.5	66.7423256
9126	66.6965116
9126.5	68.9697674
9127	72.2609091
9127.5	73.3090698
9128	73.8645349
9128.5	74.4732558
9129	72.6146512
9129.5	68.5997674
9130	66.7044186
9130.5	65.0546512
9131	62.0151163
9131.5	59.514023
9132	55.7367442
9132.5	47.2688372
9133	41.147907
9133.5	40.5640698
9134	42.6512791
9134.5	48.1246512
9135	58.1995349
9135.5	70.8672727
9136	79.1960465
9136.5	86.1330233
9137	88.3502326
9137.5	88.92
9138	86.8327907
9138.5	84.6381395
9139	82.1672093
9139.5	84.1981818
9140	87.6602326
9140.5	90.1311628
9141	88.4048837
9141.5	85.0455814
9142	78.0806977
9142.5	76.3160465
9143	76.5
9143.5	76
9144	75.5072093
9144.5	75.1273643
9145	74.7475194
9145.5	72.362093
9146	67.4506977
9146.5	62.3227907
9147	59.2986047
9147.5	61.7637209
9148	65.8145455
9148.5	69.5248837
9149	68.5132558
9149.5	67.5016279
9150	64.1
9150.5	66.3790698
9151	69.1888372
9151.5	73.3632558
9152	79.9790909
9152.5	87.3593023
9153	90.7734884
9153.5	92.675814
9154	88.1916279
9154.5	85.1523256
9155	83.0974419
9155.5	80.4537209
9156	75.2118605
9156.5	73.2817241
9157	71.3997674
9157.5	70.2522481
9158	72.0235659
9158.5	73.7948837
9159	73.9283721
9159.5	75.7653488
9160	81.6490698
9160.5	86.0711494
9161	87.3872414
9161.5	88.9313953
9162	90.6406977
9162.5	88.755
9163	85.8860465
9163.5	80.0381395
9164	72.4997674
9164.5	66.5018182
9165	60.6837209
9165.5	55.7823256
9166	54.8744186
9166.5	53.0218605
9167	46.8346512
9167.5	38.2560465
9168	30.5174419
9168.5	25.1965116
9169	23.4751163
9169.5	27.4239535
9170	37.8860465
9170.5	58.5209302
9171	69.1571318
9171.5	72.5718605
9172	75.622093
9172.5	69.7213953
9173	60.3272727
9173.5	48.3313953
9174	41.0769767
9174.5	42.2755814
9175	47.11
9175.5	52.5944186
9176	59.3246512
9176.5	70.2290698
9177	77.3118182
9177.5	83.8383721
9178	87.4933721
9178.5	90.0206977
9179	87.9276744
9179.5	84.4648837
9180	78.1746512
9180.5	71.5906977
9181	68.7837209
9181.5	67.8712717
9182	67.0215607
9182.5	66.1718497
9183	65.0016279
9183.5	63.484186
9184	66.8669767
9184.5	71.8834884
9185	78.2413953
9185.5	80.0593103
9186	76.8696552
9186.5	71.3418605
9187	58.1097674
9187.5	46.13
9188	37.7055814
9188.5	35.6572093
9189	39.075814
9189.5	42.4724138
9190	45.8517241
9190.5	56.1093023
9191	66.4965116
9191.5	81.5951163
9192	85.7797674
9192.5	84.3844186
9193	82.9890698
9193.5	82.71
9194	82.6193023
9194.5	80.954186
9195	78.0267442
9195.5	72.5681395
9196	65.5002326
9196.5	60.305814
9197	55.4055556
9197.5	48.2856627
9198	41.7247619
9198.5	33.2814634
9199	28.1839535
9199.5	26.2653488
9200	27.6593939
9200.5	29.7806061
9201	33.0656522
9201.5	44.0469388
9202	59.163913
9202.5	66.8756522
9203	68.9769412
9203.5	65.1063529
9204	45.45
9204.5	36.1223529
9205	32.8341176
9205.5	35.3921277
9206	42.3628889
9206.5	48.6986667
9207	54.1728889
9207.5	58.6644444
9208	62.5906667
9208.5	70.1269565
9209	76.6953333
9209.5	79.2593023
9210	75.7614286
9210.5	69.2368293
9211	57.52
9211.5	50.3731707
9212	45.672
9212.5	51.6608889
9213	64.6488889
9213.5	72.8721739
9214	79.9956522
9214.5	83.82
9215	88.6777778
9215.5	90.9547191
9216	91.8680952
9216.5	88.1472093
9217	86.2373256
9217.5	85.0919767
9218	82.0821429
9218.5	78.6255172
9219	79.1944828
9219.5	80.5861364
9220	85.165
9220.5	87.9251724
9221	87.5458621
9221.5	83.7080952
9222	80.6602326
9222.5	78.7455039
9223	76.8307752
9223.5	78.716
9224	81.9927273
9224.5	80.7890698
9225	74.78075
9225.5	62.657561
9226	56.5980952
9226.5	58.4208696
9227	61.755
9227.5	66.2188889
9228	71.67
9228.5	81.3880682
9229	84.1892045
9229.5	85.6337209
9230	83.9127907
9230.5	80.0069048
9231	77.4484884
9231.5	75.9116279
9232	73.9334884
9232.5	71.6393023
9233	67.3504878
9233.5	65.6864773
9234	67.1807955
9234.5	67.0637931
9235	66.3121176
9235.5	62.8297647
9236	62.2227273
9236.5	67.2506522
9237	77.5093617
9237.5	83.5532584
9238	86.5139326
9238.5	86.125896
9239	85.3657803
9239.5	84.6056647
9240	81.2466667
9240.5	75.7585714
9241	69.754878
9241.5	63.1045238
9242	54.6505
9242.5	37.5571053
9243	26.6104819
9243.5	20.4926966
9244	24.5601124
9244.5	28.9017778
9245	33.956
9245.5	38.8893333
9246	46.552766
9246.5	58.0959574
9247	70.7504167
9247.5	82.6182979
9248	86.18375
9248.5	87.3253659
9249	81.1190698
9249.5	79.0144186
9250	74.4546341
9250.5	69.9816279
9251	70.4669697
9251.5	71.8381818
9252	73.7508889
9252.5	78.2420455
9253	80.9831818
9253.5	80.9702326
9254	80.9204598
9254.5	81.4836782
9255	79.0851765
9255.5	75.2145882
9256	70.6604762
9256.5	68.845
9257	71.0879545
9257.5	69.9748837
9258	66.3025581
9258.5	63.9105814
9259	62.8582558
9259.5	62.2033077
9260	62.0148462
9260.5	61.8263846
9261	57.85
9261.5	56.3437079
9262	59.304382
9262.5	63.2257778
9263	70.9514894
9263.5	81.1004255
9264	86.96
9264.5	87.2474419
9265	86.48
9265.5	86.48
9266	86.48
9266.5	85.6095349
9267	82.0647619
9267.5	77.362381
9268	74.0313953
9268.5	71.5283846
9269	70.5168462
9269.5	69.5053077
9270	69.7456818
9270.5	71.0525
9271	73.6711364
9271.5	75.5415909
9272	77.287803
9272.5	78.1325581
9273	76.4116279
9273.5	73.505
9274	74.5283146
9274.5	77.668764
9275	80.8428571
9275.5	79.436
9276	81.1655814
9276.5	79.8283721
9277	77.7423256
9277.5	74.1983333
9278	70.1933333
9278.5	63.0296429
9279	58.9165476
9279.5	58.2476404
9280	61.0229213
9280.5	71.175
9281	79.0288889
9281.5	81.5027273
9282	85.0190909
9282.5	86.5425581
9283	85.2053488
9283.5	83.4048837
9284	83.9214773
9284.5	86.1657955
9285	87.77
9285.5	86.6718605
9286	85.491
9286.5	84.2256154
9287	82.9602308
9287.5	80.9964706
9288	78.6729412
9288.5	76.5341379
9289	75.7755172
9289.5	76.7709091
9290	80.6646667
9290.5	84.7455556
9291	89.3837778
9291.5	89.8313953
9292	88.9495349
9292.5	86.504186
9293	84.9751163
9293.5	83.6274419
9294	82.4762791
9294.5	80.7506977
9295	79.9
9295.5	79.9
9296	79.5546512
9296.5	79.4583333
9297	80.7045455
9297.5	81.9507576
9298	79.7534884
9298.5	76.2965882
9299	73.8762069
9299.5	74.8187356
9300	78.0344444
9300.5	81.7981818
9301	85.426
9301.5	89.4482222
9302	91.4897727
9302.5	92.7846512
9303	91.0637209
9303.5	90.1
9304	90.1
9304.5	90.1
9305	88.175814
9305.5	83.8039535
9306	80.4433333
9306.5	73.5334146
9307	64.0568293
9307.5	56.7372289
9308	49.647561
9308.5	40.4158537
9309	31.9829268
9309.5	33.0231111
9310	39.1776087
9310.5	50.0157447
9311	61.8919149
9311.5	66.88
9312	68.455
9312.5	68.3416279
9313	69.5702222
9313.5	75.6395556
9314	81.8328571
9314.5	87.2614286
9315	89.5936364
9315.5	91.3360606
9316	91.7133333
9316.5	87.1871429
9317	84.4983721
9317.5	84.1003448
9318	84.4796552
9318.5	83.2744186
9319	81.102381
9319.5	76.4890698
9320	74.3844186
9320.5	74.4555172
9321	75.2141379
9321.5	74.9499237
9322	74.5720611
9322.5	75.035
9323	77.5077273
9323.5	79.7520455
9324	84.6782609
9324.5	89.1718182
9325	91.1827273
9325.5	92.6383721
9326	91.4930233
9326.5	89.1065116
9327	86.0425581
9327.5	85.0062791
9328	83.942093
9328.5	82.8941379
9329	83.4631034
9329.5	82.9904651
9330	80.3980233
9330.5	77.9154651
9331	77.9674713
9331.5	78.91
9332	83.5062879
9332.5	84.5025
9333	83.5652381
9333.5	81.5893182
9334	81.87
9334.5	83.58
9335	87.0668889
9335.5	88.0003053
9336	88.8781679
9336.5	88.7534884
9337	86.1529412
9337.5	82.8588235
9338	84.6
9338.5	89.2197778
9339	94.4446667
9339.5	96.9268664
9340	96.5489862
9340.5	96.171106
9341	95.7932258
9341.5	95.4153456
9342	95.2011628
9342.5	94.8275862
9343	93.5
9343.5	89.0217073
9344	84.4574419
9344.5	82.7365116
9345	83.845
9345.5	85.7436364
9346	89.3944828
9346.5	89.2048276
9347	88.5402326
9347.5	86.902093
9348	85.592
9348.5	84.4535385
9349	83.5428462
9349.5	83.6697692
9350	83.7966923
9350.5	84.17625
9351	84.73875
9351.5	85.3532824
9352	85.9792366
9352.5	85.7752381
9353	83.3834483
9353.5	83.0041379
9354	83.2127586
9354.5	83.7817241
9355	83.20875
9355.5	84.14625
9356	84.5406977
9356.5	83.3895349
9357	82.2383721
9357.5	82.7625
9358	84.075
9358.5	87.7847692
9359	87.0232308
9359.5	86.2616923
9360	85.3389535
9360.5	84.1936047
9361	83.85
9361.5	83.85
9362	83.7931034
9362.5	83.2241379
9363	82.3074419
9363.5	81.4784615
9364	81.3553846
9364.5	81.2323077
9365	79.6659302
9365.5	78.6202273
9366	80.6770455
9366.5	81.7125
9367	81.54
9367.5	81.54
9368	81.8434483
9368.5	82.1543023
9369	81.3926744
9369.5	82.0082222
9370	85.9424444
9370.5	88.0275862
9371	87.837931
9371.5	85.7858824
9372	83.6319318
9372.5	84.75125
9373	86.1275
9373.5	83.2636585
9374	76.2147619
9374.5	73.5832558
9375	72.3290909
9375.5	76.2044444
9376	76.9571429
9376.5	75.32
9377	76.82
9377.5	76.6432558
9378	75.747907
9378.5	75.5306667
9379	79.9635556
9379.5	82.0387692
9380	81.5349231
9380.5	81.0310769
9381	82.1009091
9381.5	83.7827273
9382	84.6927481
9382.5	85.5706107
9383	86.4912977
9383.5	87.4951145
9384	88.4989313
9384.5	91.3447727
9385	92.6515909
9385.5	90.3689412
9386	87.4257143
9386.5	83.0027907
9387	78.7685714
9387.5	76.2551163
9388	77.2052273
9388.5	78.6255172
9389	79.1944828
9389.5	80.08
9390	81.4048864
9390.5	82.5242045
9391	84.1725
9391.5	86.9606818
9392	89.1775
9392.5	89.8593023
9393	88.522093
9393.5	86.387907
9394	84.3576744
9394.5	83.0204651
9395	81.6832558
9395.5	80.1916279
9396	78.9189313
9396.5	80.0487023
9397	81.1784733
9397.5	80.4893694
9398	78.9443243
9398.5	78.2838372
9399	78.6617442
9399.5	79.87
9400	83.03
9400.5	86.2934091
9401	88.4488372
9401.5	89.0651163
9402	87.727907
9402.5	84.2554545
9403	81.9832558
9403.5	80.6390909
9404	83.7927907
9404.5	87.3497674
9405	90.0395349
9405.5	91.3797692
9406	92.1374615
9406.5	92.8352273
9407	90.5893023
9407.5	89.2590698
9408	90.7075
9408.5	91.259186
9409	90.6836047
9409.5	88.8787356
9410	86.2369767
9410.5	79.3390805
9411	80.4712644
9411.5	82.1595349
9412	82.6389231
9412.5	82.0081538
9413	81.3709302
9413.5	80.4174419
9414	80.4215909
9414.5	81.8787209
9415	82.2566279
9415.5	80.5060465
9416	77.8845455
9416.5	76.7243678
9417	79.368046
9417.5	83.2576744
9418	88.4088372
9418.5	88.4539535
9419	86.7755172
9419.5	85.4062791
9420	86.7662069
9420.5	85.634023
9421	85.8390698
9421.5	88.1733333
9422	90.8170115
9422.5	86.1023256
9423	80.2213636
9423.5	79.3023077
9424	80.1869231
9424.5	81.0715385
9425	82.6104651
9425.5	82.4359302
9426	81.63
9426.5	80.2283721
9427	79.2748837
9427.5	77.2179545
9428	76.9160465
9428.5	78.8230233
9429	80.8742529
9429.5	82.3790698
9430	80.3521839
9430.5	80.1682759
9431	80.9718605
9431.5	82.6869767
9432	84.6897701
9432.5	86.6972093
9433	87.6506977
9433.5	87.5745977
9434	85.4998851
9434.5	82.3816279
9435	79.6948837
9435.5	76.597931
9436	74.2665116
9436.5	77.0868182
9437	79.4997674
9437.5	81.7597674
9438	85.6695455
9438.5	84.5004651
9439	79.4746512
9439.5	76.0525
9440	72.4127907
9440.5	68.2151163
9441	63.8440909
9441.5	61.5484884
9442	60.2027907
9442.5	67.6345455
9443	74.4432558
9443.5	78.7717692
9444	78.0140769
9444.5	77.2563846
9445	78.059186
9445.5	79.1089655
9446	79.2986207
9446.5	80.1065116
9447	81.2503846
9447.5	81.6311538
9448	82.0119231
9448.5	84.0501149
9449	84.8029885
9449.5	85.6127586
9450	86.5552874
9450.5	86.9165896
9451	86.8212139
9451.5	86.7258382
9452	86.4876744
9452.5	84.9644186
9453	82.4568182
9453.5	77.7313953
9454	74.3439535
9454.5	76.7472727
9455	78.8823256
9455.5	81.115814
9456	78.6472727
9456.5	75.295814
9457	74.6
9457.5	74.7896552
9458	74.5009302
9458.5	74.1210853
9459	73.4529545
9459.5	73.2546512
9460	75.1616279
9460.5	76.3068966
9461	77.0597701
9461.5	78.9295349
9462	76.3422727
9462.5	75.3111628
9463	76.4876744
9463.5	76.79
9464	76.79
9464.5	78.43
9465	79.7518391
9465.5	81.0277907
9466	82.1731395
9466.5	81.9862069
9467	80.6643678
9467.5	77.3488372
9468	76.234023
9468.5	75.2893023
9469	74.335814
9469.5	74.2013793
9470	74.9542529
9470.5	78.824186
9471	77.45
9471.5	76.4965116
9472	76.3439535
9472.5	77.6616154
9473	78.1654615
9473.5	78.6693077
9474	78.1543182
9474.5	75.1988372
9475	68.8670115
9475.5	67.1716092
9476	65.2825581
9476.5	63.1837209
9477	64.3813636
9477.5	68.0062791
9478	72.7374419
9478.5	80.7631818
9479	84.2080769
9479.5	86.2273077
9480	88.2465385
9480.5	83.604186
9481	80.5061364
9481.5	78.0897674
9482	74.2144186
9482.5	71.8244828
9483	72.3934483
9483.5	73.9793023
9484	75.8249425
9484.5	76.1985057
9485	77.2623256
9485.5	79.5990698
9486	80.95
9486.5	81.8982759
9487	81.2534483
9487.5	80.3238372
9488	79.5622093
9488.5	79.235814
9489	79.158
9489.5	78.6541538
9490	78.1503077
9490.5	81.404023
9491	83.9967442
9491.5	81.9669767
9492	81.42
9492.5	81.6105385
9493	80.8528462
9493.5	80.0951538
9494	81.0144186
9494.5	81.525
9495	79.897907
9495.5	79.3248837
9496	81.045814
9496.5	81.9961538
9497	82.7538462
9497.5	83.8827273
9498	86.7576744
9498.5	90.0167442
9499	90.9676498
9499.5	90.5137327
9500	90.0598157
9500.5	89.6058986
9501	87.1839535
9501.5	80.5374419
9502	79.3486207
9502.5	81.0497701
9503	82.762093
9503.5	84.5190909
9504	85.7006977
9504.5	82.2627907
9505	78.2437209
9505.5	75.5036782
9506	73.4289655
9506.5	70.7979545
9507	66.9493023
9507.5	66.0488372
9508	68.5402273
9508.5	71.6295349
9509	72.332093
9509.5	71.5704651
9510	68.9706154
9510.5	69.7283077
9511	70.486
9511.5	71.1562791
9512	71.7318605
9512.5	73.3193023
9513	76.2086047
9513.5	79.5793023
9514	82.2855172
9514.5	84.1705747
9515	88.6334884
9515.5	91.1992308
9516	92.0838462
9516.5	92.8326012
9517	92.3586127
9517.5	91.8846243
9518	91.4106358
9518.5	90.6367816
9519	89.6942529
9519.5	86.7560465
9520	81.5640909
9520.5	78.7334615
9521	79.745
9521.5	80.7565385
9522	83.7297674
9522.5	85.6293023
9523	83.8070115
9523.5	81.6388372
9524	79.3125581
9524.5	79.088
9525	79.7187692
9525.5	80.3495385
9526	83.7689655
9526.5	85.0850575
9527	85.7997701
9527.5	85.2365517
9528	83.5601163
9528.5	81.0775581
9529	79.5932184
9529.5	78.614186
9530	79.8471264
9530.5	80.2206897
9531	80.6660465
9531.5	81.1776744
9532	81.6893023
9532.5	80.3312791
9533	79.1859302
9533.5	78.5163077
9534	78.7701538
9534.5	79.024
9535	79.3717692
9535.5	79.7525385
9536	80.211954
9536.5	81.1544828
9537	80.8037209
9537.5	79.9517241
9538	80.3252874
9538.5	79.1813953
9539	77.8098851
9539.5	78.1834483
9540	78.3034884
9540.5	78.8411628
9541	79.885
9541.5	81.349186
9542	83.0602299
9542.5	84.5717241
9543	85.0723256
9543.5	82.9734884
9544	78.9127273
9544.5	75.5623256
9545	75.15
9545.5	75.1875
9546	75.7306977
9546.5	77.9753488
9547	81.7561364
9547.5	81.7287209
9548	79.6298837
9548.5	77.42
9549	77.0039535
9549.5	78.3411628
9550	80.57
9550.5	84.8239535
9551	86.7515385
9551.5	87.3823077
9552	87.95
9552.5	87.95
9553	87.95
9553.5	88.3337209
9554	89.1011628
9554.5	85.4852273
9555	83.2837209
9555.5	81.6286154
9556	81.1209231
9556.5	80.6132308
9557	81.5127907
9557.5	82.7286207
9558	83.6711494
9558.5	81.1151163
9559	80.3890909
9559.5	83.3539535
9560	85.0748837
9560.5	87.0293103
9561	89.104023
9561.5	85.8202326
9562	84.1377273
9562.5	85.3769231
9563	84.4923077
9563.5	83.6076923
9564	82.9455814
9564.5	82.37
9565	84.7530233
9565.5	87.5977907
9566	88.7431395
9566.5	88.7237692
9567	87.7122308
9567.5	86.7006923
9568	88.7685057
9568.5	89.7404651
9569	86.97
9569.5	86.97
9570	85.3653488
9570.5	81.8476744
9571	77.45
9571.5	77.829845
9572	78.2096899
9572.5	77.3370455
9573	77.2733721
9573.5	79.3722093
9574	81.8931818
9574.5	85.7665116
9575	87.097907
9575.5	87.0131818
9576	84.192093
9576.5	83.4210769
9577	84.0518462
9577.5	84.715814
9578	86.5498851
9578.5	85.9866667
9579	84.8590698
9579.5	81.0246512
9580	73.9393182
9580.5	72.9972093
9581	73.7713636
9581.5	77.6569767
9582	83.9927907
9582.5	87.2369767
9583	89.8027273
9583.5	87.9346512
9584	86.6110345
9584.5	85.7511628
9585	86.3209302
9585.5	88.8246512
9586	89.1765909
9586.5	86.6765116
9587	85.0304651
9587.5	85
9588	85
9588.5	84.7473988
9589	84.082659
9589.5	83.4179191
9590	82.7531792
9590.5	80.6918605
9591	79.7383721
9591.5	79.09
9592	79.09
9592.5	79.09
9593	80.7393023
9593.5	83.9527273
9594	88.0183237
9594.5	88.5876879
9595	89.157052
9595.5	89.7264162
9596	88.6613953
9596.5	86.1890909
9597	85.3996923
9597.5	84.7689231
9598	83.74
9598.5	81.4631818
9599	79.0627273
9599.5	77.6563636
9600	78.85
9600.5	81.3840909
9601	85.1927273
9601.5	86.4327273
9602	87.190303
9602.5	87.9478788
9603	87.6159091
9603.5	86.8602273
9604	84.4981818
9604.5	81.0784733
9605	80.5708397
9605.5	80.0632061
9606	78.9734091
9606.5	77.9870455
9607	78.4696591
9607.5	79.3388636
9608	82.3936364
9608.5	85.6038636
9609	84.8500758
9609.5	84.0962879
9610	87.83
9610.5	94.1679545
9611	95.4473485
9611.5	94.3147727
9612	93.182197
9612.5	91.7631818
9613	89.4961364
9613.5	86.3834091
9614	84.8020455
9614.5	83.8588636
9615	81.0124138
9615.5	82.7365517
9616	85.3331818
9616.5	87.7318182
9617	88.2356061
9617.5	88.7393939
9618	90.7243182
9618.5	93.0827273
9619	96.2247727
9619.5	98.2986364
9620	101.29
9620.5	107.141818
9621	113.288182
9621.5	117.147273
9622	113.248636
9622.5	108.290909
9623	98.8881818
9623.5	88.1563636
9624	87.3418182
9624.5	88.5278161
9625	89.1025287